222433
182469
649435
449795
459931
790123
109207
849913
207767
775137
75429
214223
767305
826697
852845
83379
738125
221833
919177
674143
919125
778201
252301
606843
316349
991999
886159
711335
778569
608279
850319
895871
619063
869435
746727
188945
280541
350995
373273
102175
412539
677539
949857
483233
314979
634013
12217
40329
776095
975507
559569
590385
389459
195673
113203
599287
294305
553047
324267
912201
640809
50387
704579
927193
562843
151697
83183
618775
163885
735801
689815
957055
669851
878523
796329
272065
51355
272489
382079
804309
732817
584409
78833
809217
334459
572997
96143
215879
774635
241725
113545
210303
32121
698409
170629
947681
720887
629975
687377
261751
917197
21395
135151
928659
811139
469525
787121
593761
109291
290671
605431
4217
917973
678825
878655
720541
453649
728913
577845
633367
53895
289623
889991
701915
695441
593557
243721
575741
793389
545113
839691
748213
383359
602807
79615
111793
387121
939839
285431
515379
957655
787489
83981
329225
477159
821331
868955
44715
7151
133897
161193
418349
172249
923671
278253
893927
842209
956221
705783
30543
745867
665173
588609
883423
635375
433149
199221
713195
3375
805641
363731
645267
568945
890325
636629
82583
756005
45955
377629
330747
283499
611061
979953
529923
835113
183339
283439
54487
583159
255645
931003
495049
964423
970919
355031
92625
554697
469319
277375
137431
506271
705921
685185
581231
987375
238003
897627
374447
653123
743975
476755
65077
636593
130013
243249
639349
213669
35607
726599
322801
601081
165809
43619
82885
190837
587213
515771
618755
210139
623561
531477
146027
11347
262165
482603
998847
488775
913365
133201
566621
17337
643781
217405
72265
86907
14095
305619
560799
478331
