307516
681112
222433
182469
649435
986536
66432
433612
999982
449795
243952
55706
600862
379032
459931
790123
109207
407188
849913
314496
637768
457530
207767
775137
734268
775242
75429
214223
743060
767305
381790
429150
826697
852845
83379
738125
221833
919177
444732
674143
919125
778201
252301
606843
316349
991999
886159
235752
164942
711335
313768
778569
608279
3998
503992
71724
850319
814264
895871
709426
504724
619063
869435
746727
150542
188945
280541
350995
944982
373273
767642
102175
412539
177858
475366
814900
456332
659014
677539
949857
990150
76722
483233
290364
314979
943822
164634
634013
984480
12217
820116
40329
776095
796466
583716
146632
975507
559569
590385
389459
899934
195673
113203
599287
347798
294305
757110
35766
553047
324267
912201
640809
50387
298490
718824
704579
573852
927193
607992
991496
562843
151697
83183
502332
618775
216626
163885
138468
412530
735801
501046
988798
689815
957055
669851
306614
878523
12012
796329
529600
434390
272065
314734
71166
51355
302552
272489
782420
549162
138142
962346
498580
155844
382079
804309
732817
815962
272342
584409
908418
78833
809217
334459
572997
96143
544990
215879
96894
774635
907530
241725
113545
210303
32121
546502
389574
698409
6060
943018
351516
261090
545448
170629
848710
418350
947681
720887
629975
687377
119348
261751
917197
21395
239634
688102
390762
458236
184722
135151
928659
418766
811139
75946
624756
469525
286138
787121
593761
109291
290671
600702
532004
571154
605431
68200
383072
4217
917973
80208
709770
920380
678825
878655
720541
453649
773214
728913
577845
743736
977218
658580
956710
633367
53895
633334
289623
889991
701915
695441
474246
593557
284576
887816
243721
575741
793389
545113
839691
748213
383359
602807
952870
256354
79615
601350
111793
387121
597214
180306
396452
379404
410464
939839
285431
819070
515379
957655
787489
710702
83981
906844
177880
329225
477159
821331
870380
751488
868955
44715
7151
851912
133897
161193
31490
418349
202024
977700
172249
923671
278253
893927
994630
842209
956221
983748
705783
30543
30544
430910
198968
745867
382670
665173
692454
588609
412490
883423
464360
204664
977284
210422
635375
236392
163850
433149
37106
199221
449834
886434
425240
215572
472118
562812
975050
891722
880540
713195
787532
3375
527344
877222
910386
907070
108026
708958
57746
805641
363731
645267
424566
568945
890325
636629
602412
879302
878144
291092
82583
852126
756005
996384
539862
45955
455882
377629
330747
283499
979356
611061
499474
979953
822980
529923
835113
183339
391442
283439
54487
819666
73446
691164
583159
255645
931003
495049
395420
964423
970919
355031
92625
554697
621796
623540
469319
886170
111568
968328
948096
277375
98580
137431
100554
903932
506271
692762
180456
395882
551616
705921
685185
581231
987375
671118
617326
969718
238003
464040
361848
615018
633830
625328
897627
374447
102646
69704
653123
743975
788936
203656
476755
254590
65077
636593
130013
243249
421816
122272
903612
839724
223024
85338
47642
693444
639349
54306
213669
35607
199242
362908
303248
726599
322801
193848
601081
165809
657022
43619
82885
860774
563016
190837
653186
587213
515771
618755
554788
210139
640864
788928
770006
870448
73928
623561
486110
528968
816586
96226
642862
531477
169140
146027
782446
11347
397152
262165
707748
482603
998847
421658
488775
199702
913365
732564
133201
102190
566621
17337
643781
694924
718618
217405
72265
664762
86907
14095
305619
239390
560799
478331
601126
